336447648764317832666216120051075433103021484606800639065647
699746800814421666623681555955136337340255820653326808361593
737347904838652682630408924630564318873545443695598274916066
020998841839338646527313000888302692356736131351175792974378
544137521305205043477016022647583189065278908551543661595829
872796829875106312005754287834532155151038708182989697916131
278562650331954871402142875326981879620469360978799003509623
022910263681314931952756302278376284415403605844025721143349
611800230912082870460889239623288354615057765832712525460935
911282039252853934346209042452489294039017062338889910858410
651831733604374707379085526317643257339937128719375877468974
799263058370657428301616374089691784263786242128352581128205
163702980893320999057079200643674262023897831114700540749984
592503606335609338838319233867830561364353518921332797329081
337326426526339897639227234078829281779535805709936910491754
708089318410561463223382174656373212482263830921032977016480
547262438423748624114530938122065649140327510866433945175121
615265453613331113140424368548051067658434935238369596534280
717687753283482343455573667197313927462736291082106792807847
180353291311767789246590899386354593278945237776744061922403
376386740040213303432974969020283281459334188268176838930720
036347956231171031012919531697946076327375892535307725523759
437884345040677155557790564504430166401194625809722167297586
150269684431469520346149322911059706762432685159928347098912
847067408620085871350162603120719031720860940812983215810772
820763531866246112782455372085323653057759564300725177443150
515396009051686032203491632226408852488524331580515348496224
348482993809050704834824493274537326245677558790891871908036
620580095947431500524025327097469953187707243768259074199396
322659841474981936092852239450397071654431564213281576889080
587831834049174345562705202235648464951961124602683139709750
693826487066132645076650746115126775227486215986425307112984
411826226610571635150692600298617049454250474913781151541399
415506712562711971332527636319396069028956502882686083622410
82050562430701794976171121233066073310059947366875
