36
-5.500000 -0.693775 0.281525
-5.500000 -0.693775 2.000000
3.888562 0.000000 1.700000
3.888562 -0.100000 1.991344
-5.500000 0.693775 0.281525
3.888562 0.000000 1.700000
3.888562 0.100000 1.991344
-5.500000 0.693775 2.000000
1.000000 0.900000 0.105572
1.000000 0.950000 2.000000
1.000000 -0.950000 2.000000
1.000000 -0.900000 0.105572
1.500000 0.794000 0.219941
1.500000 0.900000 2.000000
1.500000 -0.900000 2.000000
1.500000 -0.793988 0.219941
2.000000 0.680000 0.387096
2.000000 0.870000 2.000000
2.000000 -0.870381 2.000000
2.000000 -0.680000 0.387096
2.500000 0.538000 0.633431
2.500000 0.747000 2.000000
2.500000 -0.747214 2.000000
2.500000 -0.538416 0.633431
-1.000000 -1.000000 0.000000
-1.000000 -1.000000 2.000000
-1.000000 1.000000 2.000000
-1.000000 1.000000 0.000000
-3.000000 -1.000000 0.070381
-3.000000 -1.000000 2.000000
-3.000000 1.000000 2.000000
-3.000000 1.000000 0.070381
-5.000000 -0.864029 0.211143
-5.000000 -0.864029 2.000000
-5.000000 0.864029 2.000000
-5.000000 0.864029 0.211143
68

2 3 22
2 22 23
20 5 23
5 2 23
6 3 2
6 2 5
6 21 3
3 21 22
6 5 20
6 20 21
1 7 4
1 4 0
34 35 4
34 4 7
34 7 1
34 1 33
32 33 1
32 1 0
4 35 0
0 35 32
13 12 8
13 8 9
13 9 14
14 9 10
15 14 10
15 10 11
8 12 15
8 15 11
17 16 12
17 12 13
17 13 18
18 13 14
19 18 14
19 14 15
12 16 19
12 19 15
21 20 16
21 16 17
21 17 22
22 17 18
23 22 18
23 18 19
16 20 23
16 23 19
11 10 25
11 25 24
9 26 10
10 26 25
9 8 27
9 27 26
27 8 11
27 11 24
24 25 29
24 29 28
26 30 29
26 29 25
26 27 31
26 31 30
31 27 24
31 24 28
28 29 33
28 33 32
30 34 33
30 33 29
30 31 35
30 35 34
35 31 32
32 31 28